
State Machine - |ULA_LCD|charPos
Name charPos.001011 charPos.001010 charPos.001001 charPos.001000 charPos.000111 charPos.000110 charPos.000101 charPos.000100 charPos.000011 charPos.000010 charPos.000001 charPos.000000 charPos.010100 
charPos.000000 0 0 0 0 0 0 0 0 0 0 0 0 0 
charPos.000001 0 0 0 0 0 0 0 0 0 0 1 1 0 
charPos.000010 0 0 0 0 0 0 0 0 0 1 0 1 0 
charPos.000011 0 0 0 0 0 0 0 0 1 0 0 1 0 
charPos.000100 0 0 0 0 0 0 0 1 0 0 0 1 0 
charPos.000101 0 0 0 0 0 0 1 0 0 0 0 1 0 
charPos.000110 0 0 0 0 0 1 0 0 0 0 0 1 0 
charPos.000111 0 0 0 0 1 0 0 0 0 0 0 1 0 
charPos.001000 0 0 0 1 0 0 0 0 0 0 0 1 0 
charPos.001001 0 0 1 0 0 0 0 0 0 0 0 1 0 
charPos.001010 0 1 0 0 0 0 0 0 0 0 0 1 0 
charPos.001011 1 0 0 0 0 0 0 0 0 0 0 1 0 
charPos.010100 0 0 0 0 0 0 0 0 0 0 0 1 1 

State Machine - |ULA_LCD|est2
Name est2.0000001101 est2.0000001010 est2.0000000110 est2.0000000101 est2.0000000100 est2.0000000011 est2.0000000010 est2.0000000001 est2.0000000000 est2.0000010000 
est2.0000000000 0 0 0 0 0 0 0 0 0 0 
est2.0000000001 0 0 0 0 0 0 0 1 1 0 
est2.0000000010 0 0 0 0 0 0 1 0 1 0 
est2.0000000011 0 0 0 0 0 1 0 0 1 0 
est2.0000000100 0 0 0 0 1 0 0 0 1 0 
est2.0000000101 0 0 0 1 0 0 0 0 1 0 
est2.0000000110 0 0 1 0 0 0 0 0 1 0 
est2.0000001010 0 1 0 0 0 0 0 0 1 0 
est2.0000001101 1 0 0 0 0 0 0 0 1 0 
est2.0000010000 0 0 0 0 0 0 0 0 1 1 

State Machine - |ULA_LCD|estado
Name estado.00000000000000000000000000010100 estado.00000000000000000000000000010001 estado.00000000000000000000000000010000 estado.00000000000000000000000000001111 estado.00000000000000000000000000001110 estado.00000000000000000000000000001101 estado.00000000000000000000000000001011 estado.00000000000000000000000000001010 estado.00000000000000000000000000001001 estado.00000000000000000000000000000111 estado.00000000000000000000000000000110 estado.00000000000000000000000000000101 estado.00000000000000000000000000000100 estado.00000000000000000000000000000011 estado.00000000000000000000000000000010 estado.00000000000000000000000000000001 estado.00000000000000000000000000000000 
estado.00000000000000000000000000000000 0 0 0 0 0 0 0 0 0 0 0 0 0 0 0 0 0 
estado.00000000000000000000000000000001 0 0 0 0 0 0 0 0 0 0 0 0 0 0 0 1 1 
estado.00000000000000000000000000000010 0 0 0 0 0 0 0 0 0 0 0 0 0 0 1 0 1 
estado.00000000000000000000000000000011 0 0 0 0 0 0 0 0 0 0 0 0 0 1 0 0 1 
estado.00000000000000000000000000000100 0 0 0 0 0 0 0 0 0 0 0 0 1 0 0 0 1 
estado.00000000000000000000000000000101 0 0 0 0 0 0 0 0 0 0 0 1 0 0 0 0 1 
estado.00000000000000000000000000000110 0 0 0 0 0 0 0 0 0 0 1 0 0 0 0 0 1 
estado.00000000000000000000000000000111 0 0 0 0 0 0 0 0 0 1 0 0 0 0 0 0 1 
estado.00000000000000000000000000001001 0 0 0 0 0 0 0 0 1 0 0 0 0 0 0 0 1 
estado.00000000000000000000000000001010 0 0 0 0 0 0 0 1 0 0 0 0 0 0 0 0 1 
estado.00000000000000000000000000001011 0 0 0 0 0 0 1 0 0 0 0 0 0 0 0 0 1 
estado.00000000000000000000000000001101 0 0 0 0 0 1 0 0 0 0 0 0 0 0 0 0 1 
estado.00000000000000000000000000001110 0 0 0 0 1 0 0 0 0 0 0 0 0 0 0 0 1 
estado.00000000000000000000000000001111 0 0 0 1 0 0 0 0 0 0 0 0 0 0 0 0 1 
estado.00000000000000000000000000010000 0 0 1 0 0 0 0 0 0 0 0 0 0 0 0 0 1 
estado.00000000000000000000000000010001 0 1 0 0 0 0 0 0 0 0 0 0 0 0 0 0 1 
estado.00000000000000000000000000010100 1 0 0 0 0 0 0 0 0 0 0 0 0 0 0 0 1 
